1232
1231
1230
1229
1228
1227
1226
1225
1224
1223
1222
1221
1220
1219
1218
1217
1216
1215
1214
1213
1212
1211
1210
1209
1208
1207
1206
1204
1203
1202
1201
1200
1199
1198
1197
1196
1195
1194
1193
1192
1191
1190
1189
1188
1187
1186
1185
1184
1183
1182
1181
1180
1179
1178
1177
1176
1175
1174
1173
1172
1171
1170
1170
1169
1168
1167
1166
1165
1164
1163
1162
1161
1160
1158
1157
1156
1155
1154
1153
1152
1151
1150
1149
1148
1147
1146
1144
1143
1142
1141
1140
1139
1138
1137
1136
1135
1134
1133
1132
1131
1130
1129
1128
1127
1126
1125
1124
1123
1122
1121
1120
1119
1117
1115
1114
1113
1112
1111
1110
1109
1108
1107
1106
1105
1104
1103
1102
1101
1100
1099
1098
1097
1096
1095
1094
1093
1092
1091
1090
1089
1088
1087
1086
1085
1084
1083
1082
1081
1080
1079
1078
1077
1076
1075
1074
1073
1072
1071
1070
1069
1068
1067
1066
1065
1064
1063
1062
1061
1061
1060
1059
1056
1055
1054
1053
1052
1051
1050
1050
1049
1048
1047
1046
1044
1043
1042
1041
1040
1039
1038
1037
1036
1035
1034
1033
1032
1031
1029
1028
1027
1026
1025
1024
1023
1021
1019
1018
1017
1016
1015
1014
1013
1012
1011
1010
1009
1008
1007
1006
1005
1004
1003
1001
1000
999
998
997
996
995
994
993
992
990
989
988
987
986
985
984
983
982
981
980
979
978
977
976
975
973
972
971
970
969
968
967
966
964
963
962
961
959
958
957
956
955
954
953
952
951
949
948
947
946
945
944
943
942
941
940
939
938
937
936
935
934
933
932
931
929
928
927
926
925
924
923
922
921
920
919
917
916
915
914
913
912
911
910
909
908
906
905
904
903
902
901
900
899
898
897
895
895
894
893
892
891
890
889
888
887
886
885
884
883
882
881
880
879
878
877
876
875
874
873
872
871
870
869
868
867
866
865
864
863
862
861
860
859
858
857
856
854
853
852
851
850
849
848
847
847
846
845
844
843
842
841
840
839
838
837
836
834
832
831
830
829
828
827
826
825
824
823
822
821
820
819
818
817
816
815
814
813
812
811
810
809
808
807
806
805
804
803
802
802
801
800
799
798
796
795
793
792
791
790
789
788
786
785
783
781
780
779
776
775
774
773
771
770
769
768
766
765
764
763
762
761
760
759
757
756
755
754
753
751
750
749
748
747
746
745
744
741
740
739
738
738
737
735
735
734
730
729
728
727
726
725
725
724
723
722
721
720
718
717
715
714
713
712
711
711
709
708
705
704
704
704
703
702
700
699
698
698
697
697
696
695
694
693
692
691
690
688
687
686
685
683
683
682
682
680
679
678
678
677
676
675
675
675
674
673
672
671
670
669
668
667
666
665
664
663
662
661
660
659
657
656
655
653
652
649
647
646
645
644
643
642
641
640
639
638
637
636
636
635
632
631
629
628
627
626
625
623
623
622
621
619
618
617
616
616
615
614
613
612
610
610
608
607
607
606
604
603
602
601
600
599
598
596
595
593
593
592
591
591
591
590
589
588
587
586
585
584
582
581
579
578
576
574
573
569
569
568
566
565
563
563
562
561
559
558
557
555
555
554
553
552
549
548
547
547
545
545
544
543
542
541
540
538
537
535
534
533
531
529
528
525
524
520
519
518
517
507
503
502
501
501
500
499
498
495
495
495
494
493
490
489
488
487
486
486
485
482
480
478
477
477
477
476
475
474
473
472
471
470
469
467
467
466
465
464
463
461
460
459
458
458
457
455
455
454
453
450
449
448
447
446
446
445
443
441
437
430
427
427
425
422
421
420
419
418
417
416
415
414
413
412
411
410
410
409
403
402
399
395
394
393
393
392
391
390
389
388
388
387
387
386
385
384
384
375
375
374
373
373
373
373
373
372
371
368
366
365
364
364
363
361
361
360
359
359
356
350
348
343
343
341
338
335
334
333
332
330
329
326
326
325
325
325
325
323
323
322
321
320
319
319
319
318
315
314
313
312
311
310
309
308
307
294
294
293
293
290
289
274
274
274
270
269
268
267
266
266
265
265
265
265
259
257
256
256
255
254
253
253
253
253
253
252
251
251
248
247
245
238
237
237
235
234
233
228
226
221
220
220
219
219
218
218
217
217
211
210
210
209
207
207
205
196
196
196
196
196
195
195
195
195
174
174
174
163
161
160
158
158
158
157
155
151
151
151
150
150
148
147
147
144
143
143
143
143
143
143
140
139
139
139
139
139
139
137
136
134
134
133
132
132
132
132
132
132
131
130
130
130
129
129
126
124
121
121
121
120
120
108
108
108
108
108
107
107
107
107
107
107
64
64
61
60
59
59
59
59
59
59
59
59
59
59
59
59
59
59
59
59
56
56
56
56
56
56
56
56
56
56
56
56
51
51
51
51
51
51
50
50
50
50
48
48
48
45
45
45
45
45
42
42
42
42
42
42
42
42
41
38
38
38
37
37
37
22
22
22
22
22
21
21
21
21
21
21
21
21
21
21
21
21
21
21
21
21
21
21
21
21
20
20
20
20
20
20
20
20
14
14
14
14
13
13
13
13
13
13
13
13
13
13
13
13
13
13
13
13
13
13
13
13
13
13
13
13
13
13
13
13
13
13
13
13
13
13
13
13
13
13
12
12
12
11
11
11
11
11
11
11
11
11
11
11
11
11
11
11
11
11
9
9
9
9
9
9
9
9
9
9
9
9
9
9
9
9
9
9
9
9
9
8
8
8
8
8
8
8
8
8
8
8
8
8
8
8
8
7
7
6
6
6
6
6
6
5
5
4
4
4
4
4
4
4
4
4
4
4
4
4
4
4
4
4
4
4
4
2
2
2
2
2
2
2
2
2
2
2
2
2
2
2
2
2
2
2
2
2
2
2
2
2
2
2
2
2
2
2
2
2
2
2
2
2
2
2
2
2
2
2
2
1
1
1
1
1
1
1
1
1
1
1
1
1
1
1
0
