7.307820598069144e-05
9.514637709367248e-05
0.00015447719779086754
0.00023913214927345078
0.0002651798266527067
0.00034549349857208086
0.0003516436446199603
0.0004417251955565558
0.00040988914542635334
0.0005064826157077616
0.0005126327617556437
0.0004529401677615154
0.0005242095072575358
0.0005509807312306589
0.000561833930138686
0.000697137143192042
0.0006558949873415459
0.0010158594177909971
0.0007029255159429898
0.0007720242156574048
0.0008114575050232192
0.0009076892020076915
0.0010220095638388688
0.0008928564968333913
0.0009066038821168992
0.0012821245643345192
0.0014756732781942838
0.0010646988128771018
0.0010455248281396046
0.0011855310940530883
0.005379207152113374
0.0011421182984210076
0.0021283123058634112
0.0017072081882321122
0.0020244833696433373
0.002060660699336747
0.0019043746350612123
0.0020631931124152625
0.002080196457371175
0.0021210768399247404
0.002021227409970905
0.0021478480638978947
0.002259997785947432
0.0023377790447882685
0.0024141132104413265
0.0029868003394880605
0.0023591236693073503
0.002504556534674962
0.00301610397653973
0.002442331527602204
0.0026279212289294085
0.003467958824410422
0.0027693745880307263
0.0030425134272159537
0.003053366626123988
0.0029224046926338287
0.003760995194927008
0.00357323485381833
0.003457105625502499
0.004073567323478189
0.003257406765594606
0.0032378710075604555
0.003640886460344772
0.0034723001039735912
0.0035175217660903257
0.0039328375109708436
0.0034466141998914512
0.004038475313675516
0.003071455290970526
0.003181796146535465
0.004045710779614131
0.00301610397653973
0.003045769386888386
0.042156356971841724
0.0036307568080307107
0.003070008197783025
0.002987523886081922
0.0032516183928441578
0.0035088392069639873
0.0035967501181186634
0.004585476538640165
0.003401754311071592
0.003206034957430326
0.0033644916614874454
0.003424907802075161
0.004378180439496671
0.004794219730970717
0.0037273502783121693
0.003834796947501662
0.004120236078782646
0.0037711248472409586
0.0037251796385304736
0.006274234288728753
0.003983847545838692
0.0038966601812773227
0.0041231302651580926
0.003999765570903424
0.005417193348291605
0.0058556625841754695
