1239
1234
1233
1232
1231
1230
1229
1226
1225
1224
1223
1222
1221
1220
1219
1218
1217
1216
1212
1211
1210
1209
1208
1207
1206
1205
1204
1202
1201
1200
1199
1198
1197
1196
1195
1194
1193
1192
1191
1190
1189
1188
1187
1186
1181
1180
1179
1178
1176
1175
1174
1173
1172
1171
1168
1167
1164
1162
1161
1160
1159
1158
1157
1156
1155
1151
1150
1149
1148
1146
1145
1144
1143
1142
1141
1138
1137
1135
1134
1133
1132
1131
1130
1129
1128
1127
1126
1125
1124
1122
1121
1120
1119
1117
1115
1114
1113
1111
1108
1108
1107
1106
1104
1103
1103
1102
1101
1101
1100
1099
1098
1097
1096
1095
1090
1089
1088
1084
1083
1082
1081
1080
1079
1078
1077
1076
1075
1074
1073
1072
1071
1070
1069
1068
1067
1066
1065
1064
1063
1062
1054
1053
1052
1051
1050
1049
1048
1047
1046
1044
1043
1042
1041
1039
1035
1033
1032
1031
1030
1029
1028
1027
1026
1025
1024
1023
1022
1021
1020
1019
1018
1017
1016
1015
1013
1012
1011
1010
1009
1002
1001
1000
999
998
997
928
927
927
925
925
925
924
923
922
922
921
920
919
918
917
916
913
913
912
911
910
907
906
905
904
903
902
901
899
898
898
897
895
894
893
893
892
891
890
889
889
888
887
886
885
884
883
882
881
880
879
878
877
876
875
874
873
872
871
869
868
868
867
866
865
863
862
862
861
861
860
859
858
856
855
854
854
854
853
852
850
848
848
848
846
846
845
844
843
842
841
840
839
838
837
836
835
834
833
833
831
830
829
828
827
826
825
824
824
823
822
819
818
816
815
815
814
810
806
805
804
803
802
802
801
800
798
797
796
795
792
792
792
791
790
789
786
786
785
784
783
782
781
780
779
778
777
776
775
774
773
772
771
768
767
767
766
765
744
743
743
739
738
737
736
735
734
733
732
731
730
722
722
721
720
713
709
708
707
706
705
704
703
701
700
700
700
699
697
696
695
694
693
692
691
690
690
690
689
688
688
688
688
685
685
684
674
673
672
668
667
666
661
661
661
661
661
660
659
658
658
657
656
655
654
648
636
635
634
633
632
631
630
630
630
629
628
628
627
626
626
625
623
622
621
620
619
619
619
618
617
616
616
615
614
611
611
610
609
608
608
607
604
603
602
600
599
599
597
596
595
594
593
591
591
590
590
589
585
584
583
583
582
582
581
580
579
577
575
574
573
573
572
571
571
570
569
568
566
566
565
564
563
560
560
559
558
558
557
555
554
551
550
549
545
544
543
542
541
540
540
539
538
535
534
534
534
533
533
531
530
528
528
528
527
526
526
526
525
524
524
524
523
523
522
522
521
520
519
518
515
514
514
498
498
498
498
497
497
496
496
495
494
493
492
491
490
489
488
487
486
485
485
484
482
481
480
479
478
478
477
476
474
472
472
471
471
470
470
459
458
458
457
456
455
451
449
449
448
447
443
443
442
441
440
438
434
433
432
431
423
422
422
421
420
419
418
417
416
415
414
414
413
412
412
412
411
410
409
408
406
405
405
400
399
399
398
397
397
397
397
396
396
395
395
394
393
392
391
390
389
388
388
388
386
385
383
383
382
381
379
378
366
366
366
366
365
346
346
346
344
343
343
339
339
339
339
339
339
334
334
327
327
322
322
322
321
320
320
318
316
315
314
314
313
312
311
311
309
309
309
308
308
308
308
307
306
303
302
301
301
301
300
300
299
298
297
296
290
290
290
290
288
287
287
286
285
283
283
283
280
280
278
277
277
276
275
275
275
275
275
275
274
274
274
274
273
270
269
268
265
265
264
263
262
260
260
260
260
260
260
259
259
258
257
257
256
254
254
253
253
252
251
245
245
244
243
242
242
242
242
242
242
242
241
241
241
240
240
240
240
240
240
240
240
240
240
239
239
239
238
238
237
237
237
237
236
230
229
228
228
228
228
228
227
226
226
220
219
218
218
217
216
216
216
216
216
215
215
215
214
214
213
213
212
211
211
205
205
204
203
203
202
202
202
202
202
201
201
201
201
200
199
198
198
197
195
195
195
195
192
192
192
191
191
190
190
189
188
188
187
187
187
187
186
186
186
186
182
182
182
182
182
181
181
181
179
178
178
177
176
162
162
161
161
160
160
160
159
159
158
157
156
147
147
147
146
145
145
145
144
143
143
142
142
142
142
140
139
139
139
139
138
138
138
138
137
137
136
136
135
135
134
134
134
134
134
128
128
128
126
125
124
122
121
118
118
118
118
118
117
117
112
112
112
112
110
110
109
109
108
108
107
107
103
102
101
101
101
99
99
99
99
99
95
95
95
93
92
92
92
92
92
91
91
91
90
83
83
78
78
78
78
77
76
76
75
75
75
75
75
75
75
73
73
72
72
69
69
69
69
69
67
66
66
66
65
65
64
64
63
62
61
61
61
60
60
60
59
59
59
59
59
59
59
59
58
58
58
58
57
56
56
56
56
55
55
55
55
55
55
55
55
55
55
54
54
54
54
54
54
54
54
54
54
54
51
51
51
51
51
51
50
49
49
48
33
33
33
30
30
30
30
28
28
28
28
28
28
28
28
28
28
28
28
28
28
28
26
26
26
26
26
24
24
24
24
24
24
24
24
24
24
24
24
24
9
9
9
9
9
9
8
8
8
8
8
8
8
8
8
8
8
8
8
8
8
8
8
8
8
8
8
8
8
8
8
8
8
8
8
8
8
8
8
8
8
8
8
6
6
5
5
5
5
5
5
5
5
5
5
5
5
5
5
5
5
5
5
5
5
5
5
5
5
5
5
5
4
4
4
4
4
4
4
4
4
4
4
4
4
4
4
4
4
4
4
4
4
4
3
3
3
3
3
3
3
3
3
3
2
2
2
2
2
2
2
2
2
2
2
2
2
2
2
2
2
2
2
2
2
2
2
2
2
2
2
1
1
1
1
1
1
1
0
