1232
1231
1230
1229
1228
1227
1226
1224
1223
1222
1221
1220
1219
1218
1217
1216
1215
1214
1213
1212
1211
1209
1208
1207
1205
1204
1203
1202
1201
1200
1199
1198
1197
1196
1195
1194
1193
1192
1191
1190
1189
1188
1187
1186
1185
1182
1181
1180
1179
1178
1177
1175
1174
1172
1171
1170
1169
1168
1167
1166
1165
1164
1163
1162
1161
1160
1159
1158
1157
1156
1155
1154
1153
1152
1151
1150
1148
1147
1146
1145
1144
1143
1142
1141
1140
1138
1137
1136
1135
1133
1132
1131
1130
1129
1128
1126
1125
1124
1123
1122
1121
1120
1119
1118
1116
1115
1113
1112
1111
1110
1109
1108
1107
1106
1105
1104
1102
1101
1100
1099
1098
1097
1096
1095
1094
1093
1092
1091
1090
1089
1088
1085
1084
1083
1082
1081
1080
1079
1078
1077
1076
1075
1074
1072
1071
1070
1069
1068
1066
1065
1064
1061
1059
1057
1056
1055
1054
1053
1052
1050
1049
1046
1045
1044
1043
1042
1041
1040
1039
1038
1037
1036
1035
1034
1032
1031
1027
1026
1025
1024
1021
1019
1018
1017
1016
1015
1012
1010
1009
1007
1005
1003
1002
1001
1000
999
998
997
996
995
994
993
992
991
989
988
987
986
985
984
983
982
981
979
977
976
975
974
973
972
970
969
967
964
963
961
960
959
958
957
955
954
953
952
951
950
949
948
947
946
945
943
941
940
939
937
935
931
930
929
926
925
924
923
922
921
920
918
917
914
911
909
908
907
905
903
902
898
897
895
894
893
892
889
888
885
884
881
877
876
875
867
863
862
861
856
855
853
852
851
849
848
847
846
845
844
843
841
839
836
831
829
827
823
822
820
819
818
815
814
813
811
810
807
804
803
802
800
798
797
796
794
793
792
791
787
786
784
783
779
777
776
773
771
768
767
766
765
764
762
759
756
750
744
740
735
733
730
725
721
717
714
705
702
701
699
681
675
670
667
661
659
655
650
649
648
643
638
633
630
629
627
622
613
605
599
567
561
558
514
512
506
497
497
479
464
463
462
458
373
373
372
372
372
369
354
343
328
305
305
305
305
301
301
297
247
243
240
237
237
218
218
218
204
204
204
204
160
152
148
145
145
145
145
145
145
145
145
145
145
139
139
139
139
133
133
133
67
67
67
67
67
67
67
67
67
67
67
67
67
67
67
67
67
67
67
67
44
44
44
44
44
44
44
36
36
23
23
18
18
18
18
18
18
18
18
18
18
18
18
18
18
11
11
11
11
10
10
10
10
10
10
10
10
10
10
10
10
10
10
10
10
10
10
10
10
10
10
10
10
10
10
10
10
10
10
10
8
8
8
8
7
7
7
7
7
7
7
7
7
7
7
7
7
6
6
6
6
6
6
6
6
6
6
6
6
6
6
6
6
6
6
6
6
6
6
6
6
6
6
6
6
6
6
6
6
6
6
6
6
6
6
6
6
6
6
6
5
5
5
5
5
5
5
5
5
5
5
5
5
5
5
5
5
5
4
4
4
4
3
3
3
3
3
3
3
3
3
3
3
3
3
3
3
3
2
2
2
2
2
2
2
2
2
2
2
2
2
2
2
2
2
2
2
2
2
2
2
2
2
2
2
2
2
2
2
2
2
2
2
2
2
2
2
2
2
2
2
2
2
2
2
2
2
2
2
2
2
2
2
2
2
2
2
2
2
2
2
2
2
2
2
2
2
2
2
2
2
2
2
2
2
2
2
2
2
2
2
2
2
2
2
2
2
2
2
2
2
2
2
2
2
2
2
2
2
2
2
2
2
2
2
2
2
2
2
2
2
2
2
2
1
1
1
1
1
1
1
1
1
1
1
1
1
1
1
1
1
1
1
1
1
1
1
1
1
1
1
1
1
1
1
1
1
1
1
1
1
1
1
1
1
1
1
1
1
1
1
1
1
1
1
1
1
1
1
1
1
1
1
1
1
1
1
1
1
1
1
1
1
1
1
1
1
1
1
1
1
1
1
1
1
1
1
1
1
1
1
1
1
1
1
1
1
1
1
1
1
1
1
1
1
1
1
1
1
1
1
1
1
1
1
1
1
1
1
1
1
1
1
1
1
1
1
1
1
1
1
1
1
1
1
1
1
1
1
1
1
1
1
1
1
1
1
1
1
1
1
1
1
1
1
1
1
1
1
1
1
1
1
1
1
1
1
1
1
1
1
1
1
1
1
1
1
1
1
1
1
1
1
1
1
1
1
1
1
1
1
1
1
1
1
1
1
1
1
1
1
1
1
1
1
1
1
1
1
1
1
1
1
1
1
1
1
1
1
1
1
1
1
1
1
1
1
1
1
1
1
1
1
1
1
1
1
1
1
1
1
1
1
1
1
1
1
1
1
1
1
1
1
1
1
1
1
1
1
1
1
1
1
1
1
1
1
1
1
1
1
1
1
1
1
1
1
1
1
1
1
1
1
1
1
1
1
1
1
1
1
1
1
1
1
1
1
1
1
1
1
1
1
1
1
1
1
1
1
1
1
1
1
1
1
1
1
1
1
1
1
1
1
1
1
1
1
1
1
1
1
1
1
1
1
1
1
1
1
1
1
1
1
1
1
1
1
1
1
1
1
1
1
1
1
1
1
1
1
1
1
1
1
1
1
1
1
1
1
1
1
1
1
1
1
1
1
1
1
1
1
1
1
1
1
1
1
1
1
1
1
1
1
1
1
1
1
1
1
1
1
1
1
1
1
1
1
1
1
1
1
1
1
1
1
1
1
1
1
1
1
1
1
1
1
1
1
1
1
1
1
1
1
1
1
1
1
1
1
1
1
1
1
1
1
1
1
1
1
1
1
1
1
1
1
1
1
1
1
1
1
1
1
1
1
1
1
1
1
1
1
1
1
1
1
1
1
1
1
1
1
1
1
1
1
1
1
1
1
1
1
1
1
1
1
1
1
1
1
1
1
1
1
1
1
1
1
1
1
1
1
1
0
