3.762442288114806e-05
8.465495148258313e-05
0.00015049769152459245
0.00022972604355316366
0.0003313843399916504
0.0004410016489626873
0.0005683458494834962
0.0007025637426460538
0.0008675323660480103
0.0010230948837296784
0.0012115787714323534
0.0013910183267116759
0.001607720531575211
0.0018273169228142233
0.0020671726186815426
0.002321861019723155
0.002574378780983169
0.002900336521520809
0.0032364239143726076
0.0035084774336670566
0.0038720595970858362
0.004211764722906977
0.0045778792994043
0.004930970037212004
0.005314811505259087
0.005701547159681686
0.006126630783579251
0.0065057691987661925
0.006980777537640703
0.008008575474230534
0.007955756572878142
0.008324403562454008
0.008879725573247899
0.009480992792752385
0.010146655659111103
0.010567398003445527
0.011234146189695093
0.01183758404898122
0.012545574391081282
0.013046992180631933
0.01370686667423976
0.014099390701413306
0.014987544145386555
0.015954202394794503
0.016091676247629416
0.016950526054551163
0.01767551974160697
0.018117968483757463
0.019138169181111664
0.019866418827840016
0.02045936526151515
0.02148643965151109
0.022224095403959643
0.02279786785289728
0.02371821912029748
0.024675471263985282
0.025270950110738766
0.02637182625330936
0.027374661832410774
0.027895615379995853
0.02896863497870239
0.029907436684246447
0.030811508153284706
0.0321345131001729
0.03284395053546052
0.033525531426884525
0.034821403376502635
0.036162858761534356
0.03727639696949736
0.03875568798066098
0.040849270050018704
0.040736396781375195
0.04203697178385335
0.04290848365616773
0.044342191231917516
0.04632687953889825
0.04627080467787348
0.047275087350162615
0.048699027046894994
0.05084976929716856
0.05146406035536266
0.05245242500258662
0.053457069448172856
0.054763071050104806
0.0563103754410923
0.057893857161772644
0.05885798299810174
0.06119974154915653
0.06167583520792164
0.06213022246887112
0.0648583549010513
0.06542814784372286
0.06776050028905667
0.06802712720889703
0.06982152276169051
0.07078564859801961
0.07308218548695766
0.07474344846647885
0.07533277716718478
