1239
1238
1237
1236
1235
1234
1233
1232
1231
1230
1229
1228
1227
1226
1225
1224
1223
1222
1221
1220
1219
1217
1216
1215
1214
1213
1212
1211
1210
1209
1207
1206
1205
1204
1203
1202
1201
1200
1199
1197
1196
1195
1194
1193
1192
1191
1190
1189
1188
1187
1186
1185
1184
1183
1182
1181
1180
1179
1178
1177
1176
1175
1174
1173
1172
1171
1170
1169
1168
1167
1166
1165
1164
1163
1161
1160
1159
1158
1157
1156
1155
1154
1153
1152
1151
1150
1149
1148
1147
1146
1145
1144
1143
1142
1141
1140
1139
1138
1137
1135
1133
1132
1131
1130
1129
1128
1125
1124
1123
1122
1120
1119
1118
1117
1116
1115
1114
1113
1112
1111
1110
1109
1108
1107
1106
1105
1104
1103
1102
1101
1100
1099
1098
1097
1096
1095
1094
1093
1092
1091
1090
1089
1088
1087
1086
1085
1084
1083
1082
1081
1080
1079
1077
1076
1075
1074
1073
1072
1071
1070
1069
1068
1067
1066
1065
1064
1063
1062
1061
1060
1059
1058
1057
1055
1054
1053
1051
1050
1049
1048
1047
1046
1045
1043
1042
1041
1040
1039
1038
1037
1036
1035
1033
1032
1031
1030
1029
1028
1027
1026
1025
1024
1023
1022
1021
1020
1019
1018
1017
1016
1015
1014
1013
1012
1011
1010
1009
1008
1007
1006
1005
1003
1001
1000
999
998
997
996
995
994
993
992
991
990
988
987
985
984
983
982
980
979
978
977
976
974
973
972
971
970
969
968
967
965
964
963
962
961
960
959
958
957
956
955
954
953
951
950
949
948
947
946
945
944
943
941
940
938
937
936
935
934
933
932
931
930
927
925
924
923
922
921
919
919
918
917
916
913
912
911
909
908
907
904
903
902
901
899
898
896
896
895
894
893
892
890
889
888
887
886
885
880
879
877
876
875
874
873
872
871
869
868
867
866
865
864
863
862
861
860
859
858
857
856
855
854
853
852
851
848
847
846
845
844
843
842
841
839
838
837
836
834
834
834
833
832
831
830
830
829
828
827
826
825
821
820
819
818
817
816
815
814
812
811
811
811
810
810
809
807
806
805
804
802
801
799
798
796
795
794
793
792
791
790
789
788
787
786
785
784
782
781
780
779
778
777
776
775
774
771
770
769
768
767
764
763
762
761
761
760
759
758
756
755
754
753
752
750
749
748
747
746
743
742
739
738
737
736
734
733
728
728
722
721
719
718
717
716
716
713
712
711
708
707
706
705
704
703
701
699
696
694
693
692
691
690
689
688
687
686
684
683
683
683
682
681
679
679
678
677
676
674
673
672
671
670
669
668
665
664
663
663
662
661
660
659
657
655
654
653
650
649
649
649
647
646
645
644
642
641
641
640
637
636
635
634
633
629
627
625
624
621
619
618
617
615
614
613
608
607
606
605
603
602
599
597
596
595
594
593
592
590
587
584
583
582
581
580
579
577
574
573
572
572
571
571
571
570
569
569
567
566
565
565
564
563
562
559
559
558
557
554
554
549
548
547
545
543
541
540
539
539
538
531
531
528
528
520
520
519
518
517
517
516
515
515
514
513
512
511
510
510
509
509
507
507
505
502
501
500
499
497
496
495
494
492
492
491
490
489
489
488
488
488
487
487
485
484
482
481
470
470
469
468
468
467
466
463
461
460
459
458
457
457
455
454
454
453
453
452
450
450
449
448
448
447
446
445
444
443
442
441
440
439
438
437
436
436
435
434
432
432
431
430
429
428
427
426
425
425
425
424
423
422
420
419
419
415
414
412
412
408
408
404
403
402
400
399
398
397
397
396
395
394
393
393
392
392
392
391
391
390
389
389
389
388
387
386
384
382
380
379
378
378
377
375
370
370
368
367
363
363
362
361
359
357
356
356
354
353
352
350
350
349
348
348
346
334
333
332
332
326
325
323
323
322
322
322
322
321
317
317
317
316
310
303
302
302
293
293
292
290
280
277
277
275
275
274
274
273
261
257
257
255
254
254
254
254
252
251
246
246
246
246
245
245
245
245
244
243
239
237
237
236
236
236
235
234
233
233
233
220
217
215
214
214
214
213
213
213
212
211
208
208
206
206
206
205
204
204
204
203
202
202
201
200
199
198
197
196
194
192
191
191
190
189
189
185
184
184
184
183
183
181
179
179
179
179
179
179
179
179
177
174
172
171
171
171
169
169
168
167
167
166
165
165
164
162
162
161
161
161
160
160
160
157
157
157
157
157
157
157
157
157
157
156
155
154
153
152
149
149
149
148
148
148
142
140
140
140
136
135
134
133
117
117
117
117
117
117
116
116
116
116
116
116
116
115
115
115
113
113
112
111
110
109
104
104
104
104
103
103
102
102
102
102
100
100
100
100
99
99
98
97
95
93
93
93
93
92
92
91
91
91
85
84
84
84
83
82
81
81
81
81
80
80
77
77
77
77
75
74
74
73
73
73
73
73
73
73
73
73
71
71
70
70
69
69
69
69
69
69
69
69
69
69
69
69
69
67
66
64
63
63
63
63
63
63
62
62
61
61
61
61
61
60
60
60
60
60
60
60
60
60
60
60
60
58
58
58
58
57
57
55
55
55
55
55
55
54
54
54
53
53
50
50
50
50
50
50
50
48
48
48
48
48
48
48
48
48
48
48
48
47
47
47
46
46
46
44
43
43
38
38
38
38
38
38
38
38
38
38
38
28
28
28
28
27
26
26
16
16
16
13
13
13
13
13
13
13
13
13
13
13
13
12
12
12
12
12
12
12
12
12
12
12
12
12
12
11
11
11
10
10
10
10
3
3
3
3
3
3
3
3
3
3
3
3
3
3
3
3
3
3
3
3
3
3
3
3
3
3
3
3
3
3
3
2
2
2
2
2
2
2
2
2
2
2
2
2
2
2
2
2
2
2
2
2
2
2
2
2
2
2
2
2
2
2
2
2
2
2
2
2
2
2
2
2
2
2
1
1
1
1
1
1
1
1
1
1
1
1
1
1
1
1
1
1
1
0
